12
Otocolobus_manul         0.0000000 0.0124665 0.0172500 0.0187796 0.0155468 0.0303186 0.0319123 0.0336211 0.0422628 0.0301601 0.1930921 0.1200835 
Felis_bieti              0.0124665 0.0000000 0.0046156 0.0156025 0.0188468 0.0254142 0.0270011 0.0286854 0.0388902 0.0269033 0.1908080 0.1206019 
Felis_catus              0.0172500 0.0046156 0.0000000 0.0139956 0.0172193 0.0237463 0.0253280 0.0270011 0.0371426 0.0252367 0.1880819 0.1183483 
Prionailurus_bengalensis 0.0187796 0.0156025 0.0139956 0.0000000 0.0219365 0.0301531 0.0317380 0.0334367 0.0420263 0.0299964 0.1849397 0.1158642 
Lynx_lynx                0.0155468 0.0188468 0.0172193 0.0219365 0.0000000 0.0269949 0.0285811 0.0302703 0.0388178 0.0268547 0.1926295 0.1198261 
Panthera_pardus          0.0303186 0.0254142 0.0237463 0.0301531 0.0269949 0.0000000 0.0000010 0.0061728 0.0204806 0.0124412 0.1844214 0.1271434 
Panthera_uncia           0.0319123 0.0270011 0.0253280 0.0317380 0.0285811 0.0000010 0.0000000 0.0077156 0.0220548 0.0139956 0.1863065 0.1289429 
Panthera                 0.0336211 0.0286854 0.0270011 0.0334367 0.0302703 0.0061728 0.0077156 0.0000000 0.0236235 0.0156025 0.1867470 0.1312668 
Panthera_tigris          0.0422628 0.0388902 0.0371426 0.0420263 0.0388178 0.0204806 0.0220548 0.0236235 0.0000000 0.0237517 0.2013267 0.1407480 
Neofelis_nebulosa        0.0301601 0.0269033 0.0252367 0.0299964 0.0268547 0.0124412 0.0139956 0.0156025 0.0237517 0.0000000 0.1908026 0.1263622 
Paguma_larvata           0.1930921 0.1908080 0.1880819 0.1849397 0.1926295 0.1844214 0.1863065 0.1867470 0.2013267 0.1908026 0.0000000 0.2916187 
Catopuma_temminckii      0.1200835 0.1206019 0.1183483 0.1158642 0.1198261 0.1271434 0.1289429 0.1312668 0.1407480 0.1263622 0.2916187 0.0000000 
