13
Panthera_pardus          0.0000000 0.0059052 0.0797035 0.1530134 0.1776845 0.2177120 0.2575317 0.3068922 0.3541493 0.2681293 0.3332727 0.2917256 1.3409820 
Panthera_uncia           0.0059052 0.0000000 0.0797178 0.1530798 0.1777812 0.2134454 0.2578017 0.3085939 0.3617953 0.2684367 0.3337411 0.2863710 1.3433345 
Panthera_leo             0.0797035 0.0797178 0.0000000 0.1315390 0.1593707 0.2247766 0.2630016 0.3257083 0.3362118 0.2892058 0.3429628 0.2982387 1.3334613 
Panthera_onca            0.1530134 0.1530798 0.1315390 0.0000000 0.1916156 0.2353889 0.3096142 0.3272132 0.3400455 0.2906623 0.3207248 0.3273730 1.3577720 
Panthera_tigris          0.1776845 0.1777812 0.1593707 0.1916156 0.0000000 0.2275849 0.2844432 0.3542663 0.3612203 0.3194684 0.3325640 0.3550276 1.3420603 
Neofelis_nebulosa        0.2177120 0.2134454 0.2247766 0.2353889 0.2275849 0.0000000 0.2647655 0.2760013 0.3468658 0.3004021 0.3229650 0.2861194 1.3691452 
Lynx_lynx                0.2575317 0.2578017 0.2630016 0.3096142 0.2844432 0.2647655 0.0000000 0.1659351 0.1857168 0.1570347 0.1769878 0.2084421 1.2364324 
Felis_bietia             0.3068922 0.3085939 0.3257083 0.3272132 0.3542663 0.2760013 0.1659351 0.0000000 0.2131868 0.1940876 0.1863187 0.1789130 1.2979860 
Profelis_temminckii      0.3541493 0.3617953 0.3362118 0.3400455 0.3612203 0.3468658 0.1857168 0.2131868 0.0000000 0.1549774 0.1926627 0.2251723 1.2504817 
Puma_concolor            0.2681293 0.2684367 0.2892058 0.2906623 0.3194684 0.3004021 0.1570347 0.1940876 0.1549774 0.0000000 0.1745634 0.1889339 1.2561505 
Otocolobus_manul         0.3332727 0.3337411 0.3429628 0.3207248 0.3325640 0.3229650 0.1769878 0.1863187 0.1926627 0.1745634 0.0000000 0.1953597 1.2511355 
Prionailurus_bengalensis 0.2917256 0.2863710 0.2982387 0.3273730 0.3550276 0.2861194 0.2084421 0.1789130 0.2251723 0.1889339 0.1953597 0.0000000 1.2683656 
Paguma_larvata           1.3409820 1.3433345 1.3334613 1.3577720 1.3420603 1.3691452 1.2364324 1.2979860 1.2504817 1.2561505 1.2511355 1.2683656 0.0000000 
