13
Panthera_leo             0.0000000 0.0331422 0.0334939 0.0473985 0.0528988 0.0766749 0.0858460 0.0641689 0.0929201 0.0865189 0.0708893 0.0817047 0.1262562 
Panthera_onca            0.0331422 0.0000000 0.0300834 0.0436883 0.0489472 0.0724237 0.0738449 0.0750382 0.0802336 0.0737820 0.0666171 0.0864701 0.1325461 
Panthera_tigris          0.0334939 0.0300834 0.0000000 0.0297165 0.0487517 0.0648667 0.0588390 0.0596976 0.0627956 0.0565033 0.0517919 0.0751376 0.1195909 
Panthera_uncia           0.0473985 0.0436883 0.0297165 0.0000000 0.0566851 0.0731278 0.0745804 0.0595227 0.0788419 0.0648457 0.0748479 0.0952938 0.1500064 
Panthera_pardus          0.0528988 0.0489472 0.0487517 0.0566851 0.0000000 0.0723398 0.0817548 0.0873084 0.0931441 0.0779619 0.0650404 0.0871604 0.1335311 
Prionailurus_bengalensis 0.0766749 0.0724237 0.0648667 0.0731278 0.0723398 0.0000000 0.0365040 0.0574075 0.0654802 0.0703305 0.0426994 0.0681684 0.1127759 
Puma_concolor            0.0858460 0.0738449 0.0588390 0.0745804 0.0817548 0.0365040 0.0000000 0.0631364 0.0550910 0.0604463 0.0429507 0.0731654 0.1297754 
Otocolobus_manul         0.0641689 0.0750382 0.0596976 0.0595227 0.0873084 0.0574075 0.0631364 0.0000000 0.0660529 0.0729027 0.0698488 0.0973598 0.1465378 
Catopuma_temminckii      0.0929201 0.0802336 0.0627956 0.0788419 0.0931441 0.0654802 0.0550910 0.0660529 0.0000000 0.0735063 0.0725396 0.0755825 0.1572480 
Felis_silvestris         0.0865189 0.0737820 0.0565033 0.0648457 0.0779619 0.0703305 0.0604463 0.0729027 0.0735063 0.0000000 0.0646430 0.0989843 0.1638204 
Lynx_lynx                0.0708893 0.0666171 0.0517919 0.0748479 0.0650404 0.0426994 0.0429507 0.0698488 0.0725396 0.0646430 0.0000000 0.0587200 0.1138438 
Neofelis_nebulosa        0.0817047 0.0864701 0.0751376 0.0952938 0.0871604 0.0681684 0.0731654 0.0973598 0.0755825 0.0989843 0.0587200 0.0000000 0.1029777 
Crocuta_crocuta          0.1262562 0.1325461 0.1195909 0.1500064 0.1335311 0.1127759 0.1297754 0.1465378 0.1572480 0.1638204 0.1138438 0.1029777 0.0000000 
