14
Panthera_onca            0.0000000 0.0631575 0.0983520 0.1152071 0.1327417 0.2467678 0.2040282 0.2136454 0.2185793 0.2261096 0.2235295 0.2685988 0.2456067 0.7157176 
Panthera_uncia           0.0631575 0.0000000 0.0843927 0.1132043 0.1137482 0.2000170 0.1742021 0.1715364 0.1745653 0.2010674 0.1892539 0.2674086 0.1796017 0.4475477 
Panthera_pardus          0.0983520 0.0843927 0.0000000 0.1020990 0.1319640 0.2250643 0.2112582 0.2067711 0.1986254 0.2326393 0.2244398 0.2891198 0.2103733 0.6553806 
Panthera_leo             0.1152071 0.1132043 0.1020990 0.0000000 0.1247491 0.2396947 0.2160707 0.1840911 0.2113220 0.2184000 0.2184389 0.2683913 0.2289017 0.7332152 
Panthera_tigris          0.1327417 0.1137482 0.1319640 0.1247491 0.0000000 0.2221259 0.1846881 0.1865658 0.1999013 0.2242233 0.2167792 0.2480221 0.2420400 0.6406419 
Profelis_temminckii      0.2467678 0.2000170 0.2250643 0.2396947 0.2221259 0.0000000 0.1343217 0.1301225 0.1505779 0.1726642 0.1698001 0.2181612 0.2607324 0.7192747 
Lynx_lynx                0.2040282 0.1742021 0.2112582 0.2160707 0.1846881 0.1343217 0.0000000 0.1105509 0.1239671 0.1446312 0.1500606 0.1711330 0.2513223 0.6759182 
Puma_concolor            0.2136454 0.1715364 0.2067711 0.1840911 0.1865658 0.1301225 0.1105509 0.0000000 0.1164233 0.1264763 0.1276123 0.1613591 0.2553938 0.7066114 
Prionailurus_bengalensis 0.2185793 0.1745653 0.1986254 0.2113220 0.1999013 0.1505779 0.1239671 0.1164233 0.0000000 0.1297239 0.1359446 0.1782018 0.2459295 0.6680763 
Felis_silvestris         0.2261096 0.2010674 0.2326393 0.2184000 0.2242233 0.1726642 0.1446312 0.1264763 0.1297239 0.0000000 0.0069245 0.1715501 0.2950753 0.7190587 
Felis_bieti              0.2235295 0.1892539 0.2244398 0.2184389 0.2167792 0.1698001 0.1500606 0.1276123 0.1359446 0.0069245 0.0000000 0.1736469 0.2926008 0.7373480 
Otocolobus_manul         0.2685988 0.2674086 0.2891198 0.2683913 0.2480221 0.2181612 0.1711330 0.1613591 0.1782018 0.1715501 0.1736469 0.0000000 0.3301801 0.8211096 
Neofelis_nebulosa        0.2456067 0.1796017 0.2103733 0.2289017 0.2420400 0.2607324 0.2513223 0.2553938 0.2459295 0.2950753 0.2926008 0.3301801 0.0000000 0.6670751 
Crocuta_crocuta          0.7157176 0.4475477 0.6553806 0.7332152 0.6406419 0.7192747 0.6759182 0.7066114 0.6680763 0.7190587 0.7373480 0.8211096 0.6670751 0.0000000 
