13
Otocolobus_manul         0.0000000 0.3815083 0.3425482 0.3516269 0.6022406 0.3668934 0.3298107 0.4835443 0.4787157 0.4392716 0.3897400 0.4519102 0.5289292 
Catopuma_temminckii      0.3815083 0.0000000 0.3950281 0.3950281 0.4982976 0.3167122 0.2478312 0.5177483 0.5160465 0.4502243 0.3960144 0.4089399 0.5840128 
Neofelis_nebulosa        0.3425482 0.3950281 0.0000000 0.0063887 0.3600928 0.3322033 0.2954466 0.4919305 0.4949223 0.2262396 0.3100856 0.3636085 0.5066089 
Felis_silverstris        0.3516269 0.3950281 0.0063887 0.0000000 0.3600928 0.3322033 0.2954466 0.5010161 0.4949223 0.2348787 0.3189059 0.3636085 0.5154755 
Crocuta_crocuta          0.6022406 0.4982976 0.3600928 0.3600928 0.0000000 0.5245350 0.4138167 0.7303841 0.7513653 0.5748965 0.4559909 0.4950176 0.7341891 
Panthera_pardus          0.3668934 0.3167122 0.3322033 0.3322033 0.5245350 0.0000000 0.0896038 0.2152343 0.2958925 0.2278470 0.3399204 0.3346963 0.5637287 
Panthera_leo             0.3298107 0.2478312 0.2954466 0.2954466 0.4138167 0.0896038 0.0000000 0.1602537 0.2346565 0.1744070 0.2813961 0.3444173 0.5116236 
Panthera_tigris          0.4835443 0.5177483 0.4919305 0.5010161 0.7303841 0.2152343 0.1602537 0.0000000 0.3235795 0.3053361 0.5030862 0.5514187 0.7350181 
Panthera_onca            0.4787157 0.5160465 0.4949223 0.4949223 0.7513653 0.2958925 0.2346565 0.3235795 0.0000000 0.3226462 0.4177361 0.4595218 0.7113527 
Panthera_uncia           0.4392716 0.4502243 0.2262396 0.2348787 0.5748965 0.2278470 0.1744070 0.3053361 0.3226462 0.0000000 0.3629106 0.5182330 0.7074820 
Prionailurus_bengalensis 0.3897400 0.3960144 0.3100856 0.3189059 0.4559909 0.3399204 0.2813961 0.5030862 0.4177361 0.3629106 0.0000000 0.3919936 0.5209367 
Lynx_lynx                0.4519102 0.4089399 0.3636085 0.3636085 0.4950176 0.3346963 0.3444173 0.5514187 0.4595218 0.5182330 0.3919936 0.0000000 0.5246103 
Puma_concolor            0.5289292 0.5840128 0.5066089 0.5154755 0.7341891 0.5637287 0.5116236 0.7350181 0.7113527 0.7074820 0.5209367 0.5246103 0.0000000 
